{
  "metadata": {
    "timestamp": "20260423_085315",
    "source": "analisi_esplorativa_post",
    "total_responses": 147,
    "version": "1.0",
    "language": "it"
  },
  "sections": {
    "statistiche_generali": {
      "descrizione": "Statistiche principali del dataset pulito con informazioni sulla distribuzione dell'età",
      "dati": [
        {
          "Metrica": "Totale risposte",
          "Valore": 147
        },
        {
          "Metrica": "Età minima",
          "Valore": 19
        },
        {
          "Metrica": "Età massima",
          "Valore": 30
        },
        {
          "Metrica": "Età media",
          "Valore": "23.78"
        },
        {
          "Metrica": "Età mediana",
          "Valore": "24"
        }
      ]
    },
    "distribuzione_genere": {
      "descrizione": "Distribuzione dei rispondenti per genere. Mostra il numero e la percentuale di risposte per ciascun genere",
      "dati": [
        {
          "Genere": "Maschio",
          "Frequenza": 92
        },
        {
          "Genere": "Femmina",
          "Frequenza": 52
        },
        {
          "Genere": "Preferisco non specificarlo",
          "Frequenza": 2
        },
        {
          "Genere": "Genderfluid",
          "Frequenza": 1
        }
      ]
    },
    "distribuzione_contesto": {
      "descrizione": "Distribuzione dei rispondenti per contesto di compilazione (studio, lavoro o entrambi). Indica dove è stato completato il questionario",
      "dati": [
        {
          "Contesto": "Studio",
          "Frequenza": 67
        },
        {
          "Contesto": "Lavoro",
          "Frequenza": 43
        },
        {
          "Contesto": "Entrambi",
          "Frequenza": 37
        }
      ]
    },
    "distribuzione_area_geografica": {
      "descrizione": "Distribuzione geografica dei rispondenti per area. Mostra da quali regioni provengono le risposte",
      "dati": [
        {
          "Area": "Nord Italia",
          "Frequenza": 115
        },
        {
          "Area": "Sud Italia e Isole",
          "Frequenza": 20
        },
        {
          "Area": "Centro Italia",
          "Frequenza": 11
        },
        {
          "Area": "Preferisco non rispondere",
          "Frequenza": 1
        }
      ]
    },
    "valori_mancanti": {
      "descrizione": "Analisi dei valori mancanti nel dataset. Identifica colonne con dati incompleti e la percentuale di incompletezza",
      "dati": [
        {
          "Colonna": "email",
          "Valori Mancanti": 135,
          "Percentuale": 91.83673469387756
        },
        {
          "Colonna": "Item_18",
          "Valori Mancanti": 66,
          "Percentuale": 44.89795918367347
        },
        {
          "Colonna": "Item_19",
          "Valori Mancanti": 66,
          "Percentuale": 44.89795918367347
        },
        {
          "Colonna": "Item_20",
          "Valori Mancanti": 66,
          "Percentuale": 44.89795918367347
        },
        {
          "Colonna": "Item_17",
          "Valori Mancanti": 66,
          "Percentuale": 44.89795918367347
        },
        {
          "Colonna": "Item_16",
          "Valori Mancanti": 66,
          "Percentuale": 44.89795918367347
        },
        {
          "Colonna": "Item_14",
          "Valori Mancanti": 57,
          "Percentuale": 38.775510204081634
        },
        {
          "Colonna": "Item_15",
          "Valori Mancanti": 57,
          "Percentuale": 38.775510204081634
        },
        {
          "Colonna": "Item_13",
          "Valori Mancanti": 56,
          "Percentuale": 38.095238095238095
        },
        {
          "Colonna": "Item_12",
          "Valori Mancanti": 55,
          "Percentuale": 37.41496598639456
        },
        {
          "Colonna": "Item_11",
          "Valori Mancanti": 55,
          "Percentuale": 37.41496598639456
        },
        {
          "Colonna": "Item_10",
          "Valori Mancanti": 4,
          "Percentuale": 2.7210884353741496
        },
        {
          "Colonna": "Item_7",
          "Valori Mancanti": 3,
          "Percentuale": 2.0408163265306123
        },
        {
          "Colonna": "Item_6",
          "Valori Mancanti": 3,
          "Percentuale": 2.0408163265306123
        },
        {
          "Colonna": "Item_8",
          "Valori Mancanti": 3,
          "Percentuale": 2.0408163265306123
        },
        {
          "Colonna": "Item_9",
          "Valori Mancanti": 2,
          "Percentuale": 1.3605442176870748
        }
      ]
    },
    "correlazioni": {
      "descrizione": "Matrice di correlazione di Pearson tra gli item della scala Likert. Valori vicini a 1 indicano forte correlazione positiva",
      "dati": {
        "index": [
          "Item_1",
          "Item_2",
          "Item_3",
          "Item_4",
          "Item_5",
          "Item_6",
          "Item_7",
          "Item_8",
          "Item_9",
          "Item_10",
          "Item_11",
          "Item_12",
          "Item_13",
          "Item_14",
          "Item_15",
          "Item_16",
          "Item_17",
          "Item_18",
          "Item_19",
          "Item_20",
          "Item_21",
          "Item_22",
          "Item_23",
          "Item_24",
          "Item_25",
          "Item_26",
          "Item_27",
          "Item_28",
          "Item_29"
        ],
        "columns": [
          "Item_1",
          "Item_2",
          "Item_3",
          "Item_4",
          "Item_5",
          "Item_6",
          "Item_7",
          "Item_8",
          "Item_9",
          "Item_10",
          "Item_11",
          "Item_12",
          "Item_13",
          "Item_14",
          "Item_15",
          "Item_16",
          "Item_17",
          "Item_18",
          "Item_19",
          "Item_20",
          "Item_21",
          "Item_22",
          "Item_23",
          "Item_24",
          "Item_25",
          "Item_26",
          "Item_27",
          "Item_28",
          "Item_29"
        ],
        "data": [
          [
            1.0,
            0.6057999644523685,
            0.5136773568054874,
            0.5910727246673269,
            0.3073877466370656,
            0.6168122141866701,
            0.40565000126842343,
            0.3666414942697205,
            0.6241414519300658,
            0.2916185720486118,
            0.6803339541384242,
            0.6294431988490077,
            0.48948726923494246,
            0.4664593116728557,
            0.37934280858067065,
            0.6049688338398953,
            0.33394390593959367,
            0.4538272023401283,
            0.30109973823631986,
            0.5025021165808939,
            0.48090822955115486,
            0.3748965225036322,
            -0.5251657681652858,
            -0.2570219535392455,
            -0.0041266730300735495,
            -0.4703533703965349,
            0.4805982803479321,
            0.42122740972396044,
            0.45870828605306724
          ],
          [
            0.6057999644523685,
            1.0,
            0.5105445127887449,
            0.5248533889870168,
            0.3393997645639268,
            0.6996036046102603,
            0.41946644449161835,
            0.38140155544321247,
            0.50661566339053,
            0.24717834598980867,
            0.41389990520744313,
            0.5618601565334377,
            0.37308108019192865,
            0.24970745389734236,
            0.19237651735079644,
            0.45361137217965253,
            0.3959945834164639,
            0.36135315003677254,
            0.35674608639821853,
            0.6644858018199626,
            0.5662325287882127,
            0.5637025150506698,
            -0.4252277735436961,
            -0.15926130624350796,
            0.009997117251177806,
            -0.43639707840907815,
            0.47784538687523237,
            0.39325525772017605,
            0.4320999544348334
          ],
          [
            0.5136773568054874,
            0.5105445127887449,
            1.0,
            0.41648048674088994,
            0.3037174073166968,
            0.47085226703232075,
            0.5876224576229452,
            0.5940142074853446,
            0.4876436530044989,
            0.3956069200448615,
            0.40647473150870217,
            0.32210854681718526,
            0.2664499310424925,
            0.25592403060522123,
            0.2883018534397364,
            0.40775017125417573,
            0.40399178090238697,
            0.1852626785201824,
            0.21802692741429278,
            0.5280414784066801,
            0.6402846873118349,
            0.4176036782871431,
            -0.3929441264812782,
            -0.22149291981077407,
            -0.1084357244769791,
            -0.34778599418685624,
            0.5012723484645759,
            0.40911508767837296,
            0.4540674458701106
          ],
          [
            0.5910727246673269,
            0.5248533889870168,
            0.41648048674088994,
            1.0,
            0.5096819476036419,
            0.5856684942324338,
            0.46935598293771286,
            0.32691332693460284,
            0.5840520684655401,
            0.33607449170440684,
            0.3169679453787169,
            0.5662238018246466,
            0.5287507816007321,
            0.47621110276418854,
            0.39118683130816256,
            0.5313008014044971,
            0.3676181901804436,
            0.5433322720043747,
            0.6295108107637725,
            0.43843350260382935,
            0.5342903056675543,
            0.553323871231881,
            -0.40761039357455486,
            -0.1300544928162329,
            -0.021532877971412928,
            -0.372070842556042,
            0.45910585414353416,
            0.40854952458380256,
            0.4284382886489297
          ],
          [
            0.3073877466370656,
            0.3393997645639268,
            0.3037174073166968,
            0.5096819476036419,
            1.0,
            0.31035159612547797,
            0.33558100461041634,
            0.24592997371304165,
            0.3165108722538033,
            0.12249131211415469,
            0.07520600184452286,
            0.3344242197141738,
            0.24403551315795213,
            0.24426622692323105,
            0.16905065436241068,
            0.4206691496321958,
            0.36217979469050626,
            0.42422001981508556,
            0.5238961957571638,
            0.3390479708200927,
            0.37413660679856753,
            0.37625549807627456,
            -0.2607382333632301,
            -0.014175447868875988,
            0.0026793023213446707,
            -0.09487220208289263,
            0.3398525142014354,
            0.23785628564261202,
            0.26776081759829773
          ],
          [
            0.6168122141866701,
            0.6996036046102603,
            0.47085226703232075,
            0.5856684942324338,
            0.31035159612547797,
            1.0,
            0.45208227742727547,
            0.4147932785372343,
            0.6263267602061353,
            0.23307437327652286,
            0.40034065936847474,
            0.5637384815563113,
            0.4227839313128562,
            0.45078997180084596,
            0.18635663563577837,
            0.4295785218369407,
            0.3596088536601565,
            0.4374484881568018,
            0.5003524235454112,
            0.6785111198444841,
            0.623182732025308,
            0.4732434162688684,
            -0.47736092658189205,
            -0.21569556354499694,
            0.00339160089207239,
            -0.35794535085955315,
            0.45996254600897174,
            0.36506747219469726,
            0.47172950964017035
          ],
          [
            0.40565000126842343,
            0.41946644449161835,
            0.5876224576229452,
            0.46935598293771286,
            0.33558100461041634,
            0.45208227742727547,
            1.0,
            0.6395921315843967,
            0.44629911365528957,
            0.4255491325703893,
            0.1770789311270306,
            0.28730120858078473,
            0.26291935761892293,
            0.46201601419474286,
            0.38793559320516674,
            0.32278374936161824,
            0.20862721159035008,
            0.19104618027726547,
            0.2966928023793177,
            0.45635028439543696,
            0.5494555692698895,
            0.4060949126685777,
            -0.42400585328106183,
            -0.21297803481755523,
            -0.06658298856438423,
            -0.4187068591271208,
            0.5991702063235439,
            0.430966251712513,
            0.3923142948615359
          ],
          [
            0.3666414942697205,
            0.38140155544321247,
            0.5940142074853446,
            0.32691332693460284,
            0.24592997371304165,
            0.4147932785372343,
            0.6395921315843967,
            1.0,
            0.46243882145818793,
            0.3219080931553202,
            0.26140082829076633,
            0.20778879132263547,
            0.20888764636401894,
            0.31996441437479506,
            0.3106529147119394,
            0.4338279536684528,
            0.3957963806890693,
            0.25658494439781176,
            0.2799042790052911,
            0.4267255574532881,
            0.48410989728867954,
            0.35587939141624303,
            -0.272977958006767,
            -0.033410310270988494,
            -0.0779246863717615,
            -0.24297220134096129,
            0.48362774733783037,
            0.40593584041186137,
            0.2595802691145016
          ],
          [
            0.6241414519300658,
            0.50661566339053,
            0.4876436530044989,
            0.5840520684655401,
            0.3165108722538033,
            0.6263267602061353,
            0.44629911365528957,
            0.46243882145818793,
            1.0,
            0.5104994940521609,
            0.5126191753880495,
            0.4349768469036706,
            0.40660373974478825,
            0.39280105257751263,
            0.4181163103549689,
            0.600154296859246,
            0.33151224686642694,
            0.44551283593583507,
            0.4062450874588704,
            0.44091644968058225,
            0.5705636087601036,
            0.4659738947501517,
            -0.4373154783790454,
            -0.16933359122519573,
            -0.018732404708319966,
            -0.3952163177076788,
            0.4537001540974044,
            0.3965538744987851,
            0.38479175038109587
          ],
          [
            0.2916185720486118,
            0.24717834598980867,
            0.3956069200448615,
            0.33607449170440684,
            0.12249131211415469,
            0.23307437327652286,
            0.4255491325703893,
            0.3219080931553202,
            0.5104994940521609,
            1.0,
            0.27742160549388484,
            0.2079291004720651,
            0.25634958961442816,
            0.2922681942468782,
            0.6272085114445539,
            0.23695413918678548,
            0.3605212189190335,
            0.1652898174979847,
            0.16670446104806927,
            0.32590339341627544,
            0.39918777061369876,
            0.2168828541437078,
            -0.29445521210314185,
            -0.2424483912212873,
            -0.28831082923709844,
            -0.3754259031498296,
            0.437815809634325,
            0.5341220249141366,
            0.2874504466413255
          ],
          [
            0.6803339541384242,
            0.41389990520744313,
            0.40647473150870217,
            0.3169679453787169,
            0.07520600184452286,
            0.40034065936847474,
            0.1770789311270306,
            0.26140082829076633,
            0.5126191753880495,
            0.27742160549388484,
            1.0,
            0.5773687825313905,
            0.364188265127144,
            0.4512327546882785,
            0.4332394096034374,
            0.44994153862830466,
            0.229851950795654,
            0.32952212991922625,
            -0.05078133302095884,
            0.5197255037765823,
            0.38957362519151867,
            0.2976674428399882,
            -0.4277455368369314,
            -0.23571397688055576,
            -0.034428531646804476,
            -0.32359336401049593,
            0.48041045024604934,
            0.5041049941938545,
            0.3336845835929627
          ],
          [
            0.6294431988490077,
            0.5618601565334377,
            0.32210854681718526,
            0.5662238018246466,
            0.3344242197141738,
            0.5637384815563113,
            0.28730120858078473,
            0.20778879132263547,
            0.4349768469036706,
            0.2079291004720651,
            0.5773687825313905,
            1.0,
            0.5608419949684449,
            0.4840026321942304,
            0.41308850858187796,
            0.41545828046283945,
            -0.0031016140346615826,
            0.5098721996438517,
            0.2889761290822035,
            0.49180744153477185,
            0.476041542310263,
            0.31722457367391915,
            -0.4484154315857753,
            -0.3349027607473623,
            0.1713262657182771,
            -0.2894104829050224,
            0.45206163343706024,
            0.3672698403597855,
            0.3934490118098883
          ],
          [
            0.48948726923494246,
            0.37308108019192865,
            0.2664499310424925,
            0.5287507816007321,
            0.24403551315795213,
            0.4227839313128562,
            0.26291935761892293,
            0.20888764636401894,
            0.40660373974478825,
            0.25634958961442816,
            0.364188265127144,
            0.5608419949684449,
            1.0,
            0.5666641672083036,
            0.4566598750797132,
            0.406470345654002,
            -0.17490362916871957,
            0.42824154215502586,
            0.2802288882811521,
            0.2997197808584784,
            0.4336304967813406,
            0.28673774874004837,
            -0.14233879825150286,
            -0.05969272891086091,
            0.21468589397389115,
            -0.17169436825490753,
            0.4044458303030276,
            0.425342600023154,
            0.2803135077449247
          ],
          [
            0.4664593116728557,
            0.24970745389734236,
            0.25592403060522123,
            0.47621110276418854,
            0.24426622692323105,
            0.45078997180084596,
            0.46201601419474286,
            0.31996441437479506,
            0.39280105257751263,
            0.2922681942468782,
            0.4512327546882785,
            0.4840026321942304,
            0.5666641672083036,
            1.0,
            0.5328066268547506,
            0.060559264165906956,
            -0.13175680375046628,
            0.25185360955410296,
            0.18713000431308333,
            0.24918914720800456,
            0.4329231334644101,
            0.23128650004486973,
            -0.32549007971647337,
            -0.12787239747838747,
            0.05687465033217281,
            -0.23457697210622286,
            0.5342485634961908,
            0.5375179478487004,
            0.37250147797769617
          ],
          [
            0.37934280858067065,
            0.19237651735079644,
            0.2883018534397364,
            0.39118683130816256,
            0.16905065436241068,
            0.18635663563577837,
            0.38793559320516674,
            0.3106529147119394,
            0.4181163103549689,
            0.6272085114445539,
            0.4332394096034374,
            0.41308850858187796,
            0.4566598750797132,
            0.5328066268547506,
            1.0,
            0.3681249839506776,
            0.1240013254351019,
            0.3919376909856382,
            0.20856470684624445,
            0.47982700516448373,
            0.40041367243698983,
            0.22494493241294283,
            -0.29556175087757514,
            -0.3243512498391867,
            -0.0733601523324838,
            -0.3705549294154672,
            0.5268245673210873,
            0.7215875745439815,
            0.24376946027467458
          ],
          [
            0.6049688338398953,
            0.45361137217965253,
            0.40775017125417573,
            0.5313008014044971,
            0.4206691496321958,
            0.4295785218369407,
            0.32278374936161824,
            0.4338279536684528,
            0.600154296859246,
            0.23695413918678548,
            0.44994153862830466,
            0.41545828046283945,
            0.406470345654002,
            0.060559264165906956,
            0.3681249839506776,
            1.0,
            0.5444823046126457,
            0.6583123506009845,
            0.5453710851915745,
            0.5130581215675232,
            0.4500835452158886,
            0.39157764658321625,
            -0.32223120883160933,
            -0.1196909755907785,
            0.04610758998715167,
            -0.42240333458398427,
            0.3973213870743768,
            0.3750884479867387,
            0.3668958751683933
          ],
          [
            0.33394390593959367,
            0.3959945834164639,
            0.40399178090238697,
            0.3676181901804436,
            0.36217979469050626,
            0.3596088536601565,
            0.20862721159035008,
            0.3957963806890693,
            0.33151224686642694,
            0.3605212189190335,
            0.229851950795654,
            -0.0031016140346615826,
            -0.17490362916871957,
            -0.13175680375046628,
            0.1240013254351019,
            0.5444823046126457,
            1.0,
            0.5822479725566322,
            0.4340406809323396,
            0.4851521784579701,
            0.46865421095344384,
            0.395283532663138,
            -0.3336595729852174,
            -0.05072405190033731,
            -0.2406366569433958,
            -0.26287651861550676,
            0.36732548034763307,
            0.4297602485606799,
            0.2303816374306099
          ],
          [
            0.4538272023401283,
            0.36135315003677254,
            0.1852626785201824,
            0.5433322720043747,
            0.42422001981508556,
            0.4374484881568018,
            0.19104618027726547,
            0.25658494439781176,
            0.44551283593583507,
            0.1652898174979847,
            0.32952212991922625,
            0.5098721996438517,
            0.42824154215502586,
            0.25185360955410296,
            0.3919376909856382,
            0.6583123506009845,
            0.5822479725566322,
            1.0,
            0.6910026806319309,
            0.4966273622992524,
            0.3897914986631489,
            0.2442879679507569,
            -0.22996543907741424,
            -0.1364961615081959,
            -0.07600958811048943,
            -0.2143679100649348,
            0.414242800854915,
            0.39888387417815535,
            0.28741684395362754
          ],
          [
            0.30109973823631986,
            0.35674608639821853,
            0.21802692741429278,
            0.6295108107637725,
            0.5238961957571638,
            0.5003524235454112,
            0.2966928023793177,
            0.2799042790052911,
            0.4062450874588704,
            0.16670446104806927,
            -0.05078133302095884,
            0.2889761290822035,
            0.2802288882811521,
            0.18713000431308333,
            0.20856470684624445,
            0.5453710851915745,
            0.4340406809323396,
            0.6910026806319309,
            1.0,
            0.4313634328090116,
            0.4996001411981213,
            0.5279050267029203,
            -0.25244171898200485,
            -0.11472140518534546,
            -0.04629338494939898,
            -0.12706788753934276,
            0.3528114653513406,
            0.24316727486221215,
            0.2921085711609019
          ],
          [
            0.5025021165808939,
            0.6644858018199626,
            0.5280414784066801,
            0.43843350260382935,
            0.3390479708200927,
            0.6785111198444841,
            0.45635028439543696,
            0.4267255574532881,
            0.44091644968058225,
            0.32590339341627544,
            0.5197255037765823,
            0.49180744153477185,
            0.2997197808584784,
            0.24918914720800456,
            0.47982700516448373,
            0.5130581215675232,
            0.4851521784579701,
            0.4966273622992524,
            0.4313634328090116,
            1.0,
            0.7059930826745539,
            0.5094333202213206,
            -0.533666693969611,
            -0.16045608138869527,
            -0.10397381197953943,
            -0.4380140166728042,
            0.6067198688723957,
            0.4990832630412254,
            0.4458128987008096
          ],
          [
            0.48090822955115486,
            0.5662325287882127,
            0.6402846873118349,
            0.5342903056675543,
            0.37413660679856753,
            0.623182732025308,
            0.5494555692698895,
            0.48410989728867954,
            0.5705636087601036,
            0.39918777061369876,
            0.38957362519151867,
            0.476041542310263,
            0.4336304967813406,
            0.4329231334644101,
            0.40041367243698983,
            0.4500835452158886,
            0.46865421095344384,
            0.3897914986631489,
            0.4996001411981213,
            0.7059930826745539,
            1.0,
            0.5003410980347913,
            -0.4990257713616124,
            -0.18140425127510676,
            0.019497194481777544,
            -0.3531374471364562,
            0.5017342245335418,
            0.4426838933914555,
            0.44872589199187896
          ],
          [
            0.3748965225036322,
            0.5637025150506698,
            0.4176036782871431,
            0.553323871231881,
            0.37625549807627456,
            0.4732434162688684,
            0.4060949126685777,
            0.35587939141624303,
            0.4659738947501517,
            0.2168828541437078,
            0.2976674428399882,
            0.31722457367391915,
            0.28673774874004837,
            0.23128650004486973,
            0.22494493241294283,
            0.39157764658321625,
            0.395283532663138,
            0.2442879679507569,
            0.5279050267029203,
            0.5094333202213206,
            0.5003410980347913,
            1.0,
            -0.3109835231606437,
            -0.06042444032090167,
            -0.11748691099667571,
            -0.3343305699519435,
            0.5169023368728397,
            0.39394280356566336,
            0.3208074545249101
          ],
          [
            -0.5251657681652858,
            -0.4252277735436961,
            -0.3929441264812782,
            -0.40761039357455486,
            -0.2607382333632301,
            -0.47736092658189205,
            -0.42400585328106183,
            -0.272977958006767,
            -0.4373154783790454,
            -0.29445521210314185,
            -0.4277455368369314,
            -0.4484154315857753,
            -0.14233879825150286,
            -0.32549007971647337,
            -0.29556175087757514,
            -0.32223120883160933,
            -0.3336595729852174,
            -0.22996543907741424,
            -0.25244171898200485,
            -0.533666693969611,
            -0.4990257713616124,
            -0.3109835231606437,
            1.0,
            0.41120600290688875,
            0.10735927376650191,
            0.48960995705398347,
            -0.35465722745060624,
            -0.29101181412888266,
            -0.39688150443448267
          ],
          [
            -0.2570219535392455,
            -0.15926130624350796,
            -0.22149291981077407,
            -0.1300544928162329,
            -0.014175447868875988,
            -0.21569556354499694,
            -0.21297803481755523,
            -0.033410310270988494,
            -0.16933359122519573,
            -0.2424483912212873,
            -0.23571397688055576,
            -0.3349027607473623,
            -0.05969272891086091,
            -0.12787239747838747,
            -0.3243512498391867,
            -0.1196909755907785,
            -0.05072405190033731,
            -0.1364961615081959,
            -0.11472140518534546,
            -0.16045608138869527,
            -0.18140425127510676,
            -0.06042444032090167,
            0.41120600290688875,
            1.0,
            0.11468901416575994,
            0.4277359732279939,
            -0.21595558229139242,
            -0.1451737335963814,
            -0.17026439644320954
          ],
          [
            -0.0041266730300735495,
            0.009997117251177806,
            -0.1084357244769791,
            -0.021532877971412928,
            0.0026793023213446707,
            0.00339160089207239,
            -0.06658298856438423,
            -0.0779246863717615,
            -0.018732404708319966,
            -0.28831082923709844,
            -0.034428531646804476,
            0.1713262657182771,
            0.21468589397389115,
            0.05687465033217281,
            -0.0733601523324838,
            0.04610758998715167,
            -0.2406366569433958,
            -0.07600958811048943,
            -0.04629338494939898,
            -0.10397381197953943,
            0.019497194481777544,
            -0.11748691099667571,
            0.10735927376650191,
            0.11468901416575994,
            1.0,
            0.21357061834070812,
            -0.1685470254171271,
            -0.2131508682716457,
            0.05292185292871441
          ],
          [
            -0.4703533703965349,
            -0.43639707840907815,
            -0.34778599418685624,
            -0.372070842556042,
            -0.09487220208289263,
            -0.35794535085955315,
            -0.4187068591271208,
            -0.24297220134096129,
            -0.3952163177076788,
            -0.3754259031498296,
            -0.32359336401049593,
            -0.2894104829050224,
            -0.17169436825490753,
            -0.23457697210622286,
            -0.3705549294154672,
            -0.42240333458398427,
            -0.26287651861550676,
            -0.2143679100649348,
            -0.12706788753934276,
            -0.4380140166728042,
            -0.3531374471364562,
            -0.3343305699519435,
            0.48960995705398347,
            0.4277359732279939,
            0.21357061834070812,
            1.0,
            -0.40918520860369545,
            -0.4098878243512426,
            -0.2581826466595615
          ],
          [
            0.4805982803479321,
            0.47784538687523237,
            0.5012723484645759,
            0.45910585414353416,
            0.3398525142014354,
            0.45996254600897174,
            0.5991702063235439,
            0.48362774733783037,
            0.4537001540974044,
            0.437815809634325,
            0.48041045024604934,
            0.45206163343706024,
            0.4044458303030276,
            0.5342485634961908,
            0.5268245673210873,
            0.3973213870743768,
            0.36732548034763307,
            0.414242800854915,
            0.3528114653513406,
            0.6067198688723957,
            0.5017342245335418,
            0.5169023368728397,
            -0.35465722745060624,
            -0.21595558229139242,
            -0.1685470254171271,
            -0.40918520860369545,
            1.0,
            0.732090419828098,
            0.5209484190380393
          ],
          [
            0.42122740972396044,
            0.39325525772017605,
            0.40911508767837296,
            0.40854952458380256,
            0.23785628564261202,
            0.36506747219469726,
            0.430966251712513,
            0.40593584041186137,
            0.3965538744987851,
            0.5341220249141366,
            0.5041049941938545,
            0.3672698403597855,
            0.425342600023154,
            0.5375179478487004,
            0.7215875745439815,
            0.3750884479867387,
            0.4297602485606799,
            0.39888387417815535,
            0.24316727486221215,
            0.4990832630412254,
            0.4426838933914555,
            0.39394280356566336,
            -0.29101181412888266,
            -0.1451737335963814,
            -0.2131508682716457,
            -0.4098878243512426,
            0.732090419828098,
            1.0,
            0.4026234214869433
          ],
          [
            0.45870828605306724,
            0.4320999544348334,
            0.4540674458701106,
            0.4284382886489297,
            0.26776081759829773,
            0.47172950964017035,
            0.3923142948615359,
            0.2595802691145016,
            0.38479175038109587,
            0.2874504466413255,
            0.3336845835929627,
            0.3934490118098883,
            0.2803135077449247,
            0.37250147797769617,
            0.24376946027467458,
            0.3668958751683933,
            0.2303816374306099,
            0.28741684395362754,
            0.2921085711609019,
            0.4458128987008096,
            0.44872589199187896,
            0.3208074545249101,
            -0.39688150443448267,
            -0.17026439644320954,
            0.05292185292871441,
            -0.2581826466595615,
            0.5209484190380393,
            0.4026234214869433,
            1.0
          ]
        ]
      }
    }
  }
}